(525, 139, 0)
(523, 139, 0)
(526, 139, 0)
(521, 140, 0)
(526, 142, 0)
(520, 144, 0)
(520, 144, 0)
(512, 147, 0)
(505, 151, 0)
(496, 155, 0)
(490, 156, 0)
(482, 158, 0)
(468, 161, 0)
(469, 164, 0)
(453, 160, 0)
(434, 166, 0)
(423, 169, 0)
(405, 178, 0)
(382, 182, 0)
(369, 181, 0)
(358, 181, 0)
(349, 182, 0)
(344, 184, 0)
(339, 186, 0)
(329, 184, 0)
(322, 187, 0)
(310, 191, 0)
(304, 192, 0)
(294, 186, 0)
(286, 184, 0)
(281, 184, 0)
(273, 186, 0)
(264, 190, 0)
(256, 190, 0)
(256, 187, 0)
(248, 187, 0)
(247, 187, 0)
(244, 187, 0)
(244, 178, 0)
(243, 178, 0)
(243, 178, 0)
(240, 177, 0)
(240, 177, 0)
(240, 177, 0)
(240, 177, 0)
(236, 177, 0)
(234, 177, 0)
(234, 177, 0)
(232, 177, 0)
(232, 177, 0)
(229, 177, 0)
(229, 177, 0)
(229, 177, 0)
(229, 177, 0)
(229, 178, 1)
(227, 178, 1)
(226, 177, 1)
(226, 157, 1)
(227, 171, 1)
(227, 171, 1)
(227, 171, 1)
(227, 171, 1)
(227, 173, 1)
(229, 177, 1)
(229, 177, 1)
(229, 177, 1)
(229, 177, 1)
(229, 177, 1)
(229, 177, 1)
(229, 177, 1)
(229, 177, 1)
(229, 177, 1)
(229, 177, 1)
(229, 177, 1)
(399, 177, 0)
(405, 169, 0)
(412, 175, 0)
(427, 171, 0)
(440, 168, 0)
(461, 166, 0)
(479, 165, 0)
(487, 162, 0)
(491, 156, 0)
(501, 149, 0)
(507, 142, 0)
(504, 135, 0)
(504, 135, 0)
(512, 130, 0)
(517, 119, 0)
(518, 117, 0)
(522, 113, 0)
(522, 107, 0)
(521, 100, 0)
(520, 95, 0)
(520, 91, 0)
(520, 88, 0)
(520, 87, 0)
(521, 82, 0)
(522, 82, 0)
(522, 79, 0)
(521, 74, 0)
(520, 69, 0)
(520, 65, 0)
(520, 64, 0)
(518, 61, 0)
(517, 60, 0)
(514, 55, 0)
(513, 52, 0)
(512, 49, 0)
(510, 48, 0)
(509, 47, 0)
(508, 45, 0)
(510, 45, 0)
(510, 45, 0)
(510, 45, 0)
(510, 45, 0)
(510, 45, 0)
(497, 42, 0)
(490, 36, 0)
(469, 31, 0)
(429, 30, 0)
(394, 32, 0)
(375, 38, 0)
(365, 39, 0)
(351, 43, 0)
(339, 49, 0)
(332, 58, 0)
(325, 65, 0)
(321, 70, 0)
(317, 74, 0)
(314, 77, 0)
(300, 83, 0)
(286, 92, 0)
(292, 90, 0)
(273, 97, 0)
(268, 101, 0)
(256, 109, 0)
(249, 114, 0)
(245, 116, 0)
(244, 117, 0)
(243, 118, 0)
(243, 121, 0)
(240, 122, 0)
(234, 125, 0)
(231, 130, 0)
(231, 131, 0)
(227, 136, 0)
(225, 139, 0)
(222, 140, 0)
(222, 140, 0)
(222, 140, 0)
(231, 140, 0)
(231, 140, 0)
(231, 142, 0)
(231, 144, 0)
(231, 144, 0)
(231, 144, 0)
(231, 144, 0)
(231, 144, 0)
(231, 144, 0)
(231, 144, 0)
(231, 144, 0)
(231, 144, 0)
(234, 144, 0)
(234, 144, 0)
(243, 147, 0)
(243, 147, 1)
(243, 147, 1)
(243, 147, 1)
(243, 147, 1)
(243, 147, 1)
(243, 147, 1)
(243, 147, 1)
(243, 147, 1)
(243, 147, 1)
(243, 147, 1)
(243, 147, 1)
(243, 147, 1)
(243, 147, 1)
(243, 147, 1)
(243, 147, 1)
(243, 147, 1)
(243, 147, 1)
(243, 147, 1)
(243, 147, 1)
(243, 147, 1)
(243, 147, 1)
(243, 147, 1)
(243, 147, 1)
(243, 147, 1)
(243, 147, 1)
(243, 147, 1)
(243, 147, 1)
(243, 147, 1)
(243, 147, 1)
(243, 147, 1)
(503, 169, 0)
(507, 170, 0)
(494, 170, 0)
(500, 166, 0)
(503, 166, 0)
(491, 166, 0)
(491, 166, 0)
(486, 166, 0)
(471, 166, 0)
(469, 169, 0)
(469, 169, 0)
(465, 170, 0)
(465, 170, 1)
(465, 170, 1)
(449, 171, 1)
(449, 171, 1)
(449, 171, 1)
(449, 171, 1)
(447, 171, 1)
(447, 171, 1)
(439, 170, 1)
(439, 170, 1)
(447, 170, 1)
(447, 170, 1)
(449, 171, 1)
(451, 171, 1)
(452, 171, 1)
(452, 171, 1)
(452, 171, 1)
(452, 171, 1)
(452, 171, 1)
(452, 171, 1)
(452, 171, 1)
(426, 149, 0)
(422, 143, 0)
(422, 142, 0)
(425, 136, 0)
(429, 136, 0)
(429, 136, 0)
(429, 135, 0)
(430, 132, 0)
(431, 129, 0)
(431, 129, 0)
(431, 134, 0)
(431, 134, 0)
(434, 144, 0)
(434, 148, 0)
(434, 148, 0)
(438, 148, 0)
(438, 148, 0)
(439, 148, 0)
(448, 152, 0)
(458, 169, 0)
(461, 178, 0)
(461, 178, 1)
(461, 178, 1)
(461, 178, 1)
(461, 178, 1)
(461, 178, 1)
(461, 178, 1)
(461, 178, 1)
(461, 178, 1)
(461, 178, 1)
(461, 178, 1)
(461, 178, 1)
(461, 178, 1)
(461, 178, 1)
(461, 178, 1)
(461, 178, 1)
(461, 178, 1)
(461, 178, 1)
(461, 178, 1)
(461, 178, 1)
(461, 178, 1)
(461, 178, 1)
(461, 178, 1)
(461, 178, 1)
(461, 178, 1)
(461, 178, 1)
(461, 178, 1)
(461, 178, 1)
(461, 178, 1)
(461, 178, 1)
(461, 178, 1)
(461, 178, 1)
(461, 178, 1)
(461, 178, 1)
(461, 178, 1)
(461, 178, 1)
(461, 178, 1)
(461, 178, 1)
(461, 178, 1)
(461, 178, 1)
(461, 178, 1)
(461, 178, 1)
(461, 178, 1)
(461, 178, 1)
(468, 135, 0)
(460, 104, 0)
(482, 103, 0)
(499, 79, 0)
(507, 78, 0)
(513, 68, 0)
(514, 62, 0)
(514, 52, 0)
(516, 49, 0)
(520, 47, 0)
(517, 48, 0)
(510, 34, 0)
(508, 34, 0)
(505, 29, 0)
(508, 31, 0)
(514, 34, 0)
(520, 34, 0)
(521, 34, 0)
(514, 35, 0)
(513, 36, 0)
(513, 36, 0)
(512, 36, 0)
(512, 36, 0)
(512, 36, 0)
(512, 36, 0)
(512, 36, 0)
(512, 36, 0)
(513, 36, 0)
(516, 35, 0)
(516, 35, 0)
(516, 35, 0)
(516, 35, 0)
(517, 34, 0)
(522, 32, 0)
(529, 36, 0)
(534, 60, 0)
(538, 60, 1)
(538, 60, 1)
(538, 60, 1)
(538, 60, 1)
(538, 60, 1)
(538, 60, 1)
(538, 60, 1)
(538, 60, 1)
(538, 60, 1)
(538, 60, 1)
(538, 60, 1)
(538, 60, 1)
(538, 60, 1)
(538, 60, 1)
(538, 60, 1)
(538, 60, 1)
(538, 60, 1)
(538, 60, 1)
(538, 60, 1)
(538, 60, 1)
(538, 60, 1)
(538, 60, 1)
(538, 60, 1)
(538, 60, 1)
(538, 60, 1)
(538, 60, 1)
(538, 61, 1)
(538, 61, 1)
(538, 61, 1)
(538, 61, 1)
(538, 61, 1)
(538, 61, 1)
(536, 61, 1)
(345, 123, 0)
(338, 125, 0)
(335, 123, 0)
(321, 117, 0)
(316, 114, 0)
(314, 114, 0)
(314, 114, 0)
(314, 114, 0)
(314, 114, 0)
(314, 114, 0)
(314, 114, 0)
(316, 114, 0)
(316, 114, 0)
(321, 114, 0)
(326, 114, 0)
(332, 112, 0)
(327, 113, 0)
(322, 116, 0)
(320, 116, 0)
(320, 116, 0)
(320, 116, 0)
(320, 116, 0)
(320, 116, 0)
(320, 116, 0)
(320, 116, 0)
(320, 116, 1)
(320, 116, 1)
(320, 116, 1)
(320, 116, 1)
(320, 116, 1)
(320, 116, 1)
(320, 116, 1)
(320, 116, 1)
(320, 116, 1)
(320, 116, 1)
(320, 116, 1)
(320, 116, 1)
(320, 116, 1)
(320, 116, 0)
(326, 119, 0)
(330, 119, 0)
(330, 119, 0)
(331, 121, 0)
(331, 121, 0)
(325, 118, 0)
(329, 116, 0)
(329, 116, 0)
(329, 116, 0)
(329, 116, 0)
(329, 116, 0)
(329, 116, 0)
(339, 105, 0)
(344, 104, 0)
(349, 104, 0)
(360, 110, 0)
(364, 114, 0)
(358, 119, 0)
(353, 126, 0)
(351, 127, 0)
(349, 127, 0)
(345, 125, 0)
(342, 125, 0)
(335, 125, 0)
(332, 117, 0)
(329, 114, 0)
(327, 114, 0)
(325, 113, 0)
(323, 113, 0)
(327, 113, 0)
(329, 113, 0)
(329, 113, 0)
(329, 113, 0)
(342, 123, 0)
(351, 132, 0)
(356, 136, 0)
(357, 136, 0)
(358, 132, 0)
(364, 132, 0)
(368, 135, 0)
(365, 136, 0)
(365, 136, 0)
(365, 136, 0)
(365, 136, 0)
(365, 136, 0)
(365, 136, 0)
(362, 136, 0)
(360, 135, 0)
(352, 132, 0)
(352, 132, 0)
(352, 131, 0)
(355, 130, 0)
(353, 127, 0)
(353, 127, 0)
(353, 127, 0)
(317, 114, 0)
(308, 110, 0)
(307, 99, 0)
(307, 96, 0)
(307, 91, 0)
(299, 90, 0)
(292, 90, 0)
(290, 87, 0)
(288, 87, 0)
(288, 87, 0)
(288, 87, 0)
(288, 87, 0)
(287, 87, 0)
(283, 87, 0)
(283, 87, 0)
(281, 86, 0)
(281, 84, 0)
(279, 83, 0)
(277, 83, 0)
(274, 92, 0)
(270, 97, 0)
(268, 99, 0)
(268, 99, 0)
(271, 101, 0)
(271, 101, 0)
(279, 103, 0)
(279, 103, 0)
(275, 103, 0)
(271, 103, 0)
(271, 105, 0)
(274, 110, 0)
(274, 110, 0)
(274, 116, 0)
(274, 117, 0)
(274, 117, 0)
(274, 117, 0)
(274, 117, 0)
(274, 117, 0)
(269, 121, 0)
(269, 121, 0)
(268, 122, 0)
(268, 122, 0)
(268, 122, 0)
(261, 126, 0)
(261, 126, 0)
(261, 126, 0)
(261, 129, 0)
(261, 130, 0)
(262, 130, 0)
(262, 130, 0)
(262, 130, 0)
(265, 132, 0)
(268, 134, 0)
(269, 134, 0)
(270, 134, 0)
(270, 134, 0)
(274, 134, 0)
(274, 134, 0)
(325, 109, 0)
(349, 97, 0)
(366, 83, 0)
(383, 73, 0)
(377, 57, 0)
(394, 51, 0)
(420, 47, 0)
(438, 35, 0)
(452, 27, 0)
(449, 26, 0)
(460, 25, 0)
(468, 27, 0)
(483, 30, 0)
(494, 32, 0)
(500, 32, 0)
(508, 34, 0)
(514, 42, 0)
(522, 44, 0)
(530, 49, 0)
(539, 49, 0)
(536, 42, 0)
(532, 39, 0)
(532, 39, 0)
(526, 38, 0)
(526, 38, 0)
(526, 38, 0)
(526, 38, 0)
(526, 38, 0)
(526, 38, 0)
(526, 38, 0)
(526, 38, 0)
(526, 38, 0)
(526, 38, 0)
(526, 38, 0)
(521, 35, 0)
(521, 35, 0)
(521, 35, 0)
(521, 35, 0)
(521, 35, 0)
(521, 35, 0)
(521, 35, 0)
(521, 35, 0)
(521, 35, 0)
(521, 35, 0)
(521, 35, 0)
(521, 35, 0)
(521, 35, 0)
(516, 42, 0)
(513, 51, 0)
(513, 57, 0)
(514, 60, 0)
(514, 61, 0)
(520, 82, 0)
(521, 95, 0)
(517, 87, 0)
(517, 87, 1)
(517, 87, 1)
(517, 87, 1)
(517, 87, 1)
(517, 87, 1)
(517, 87, 1)
(517, 87, 1)
(517, 87, 1)
(517, 87, 1)
(517, 87, 1)
(517, 87, 1)
(517, 87, 1)
(517, 87, 1)
(517, 87, 1)
(517, 87, 1)
(517, 87, 1)
(517, 87, 1)
(517, 87, 1)
(517, 87, 1)
(517, 87, 1)
(517, 87, 1)
(517, 87, 1)
(517, 87, 1)
(517, 87, 1)
(517, 87, 1)
(517, 87, 1)
(517, 87, 1)
(517, 87, 1)
(517, 87, 1)
(517, 87, 1)
(517, 87, 1)
(517, 87, 1)
(517, 87, 1)
(517, 87, 1)
(517, 87, 1)
(517, 87, 1)
(517, 87, 1)
(517, 87, 1)
(517, 87, 1)
(517, 87, 1)
(517, 87, 1)
(517, 87, 1)
(517, 87, 1)
(540, 134, 0)
(548, 144, 0)
(558, 138, 0)
(564, 135, 0)
(573, 132, 0)
(575, 126, 0)
(575, 114, 0)
(575, 113, 0)
(575, 112, 0)
(574, 109, 0)
(574, 109, 0)
(574, 108, 0)
(577, 103, 0)
(577, 101, 0)
(574, 101, 0)
(570, 107, 0)
(578, 113, 0)
(583, 116, 0)
(583, 116, 0)
(583, 116, 0)
(583, 116, 0)
(578, 116, 0)
(577, 116, 0)
(577, 116, 0)
(577, 116, 0)
(582, 116, 0)
(582, 117, 0)
(582, 114, 0)
(582, 113, 0)
(582, 113, 0)
(582, 113, 0)
(582, 113, 0)
(582, 113, 0)
(582, 113, 0)
(582, 113, 0)
(582, 108, 0)
(579, 105, 0)
(553, 95, 0)
(542, 91, 0)
(534, 88, 0)
(538, 90, 0)
(545, 95, 0)
(539, 96, 1)
(539, 96, 1)
(539, 96, 1)
(539, 96, 1)
(539, 96, 1)
(539, 96, 1)
(539, 96, 1)
(539, 96, 1)
(539, 96, 1)
(539, 96, 1)
(539, 96, 1)
(539, 96, 1)
(539, 96, 1)
(371, 71, 0)
(357, 68, 0)
(340, 78, 0)
(327, 90, 0)
(305, 107, 0)
(305, 107, 0)
(317, 100, 0)
(318, 96, 0)
(318, 96, 0)
(320, 96, 0)
(320, 95, 0)
(321, 95, 0)
(321, 95, 0)
(321, 95, 0)
(323, 95, 0)
(323, 95, 0)
(323, 95, 0)
(338, 108, 1)
(338, 108, 1)
(338, 108, 1)
(338, 108, 1)
(338, 108, 1)
(338, 108, 1)
