(182, 230, 0)
(181, 232, 0)
(183, 232, 0)
(186, 231, 0)
(187, 230, 0)
(188, 230, 0)
(190, 227, 0)
(191, 227, 0)
(191, 227, 0)
(191, 227, 0)
(191, 227, 0)
(190, 229, 0)
(190, 231, 0)
(190, 229, 0)
(188, 230, 0)
(187, 229, 0)
(187, 229, 0)
(184, 231, 0)
(182, 231, 0)
(179, 232, 0)
(182, 232, 0)
(182, 232, 0)
(182, 229, 0)
(181, 229, 0)
(181, 229, 0)
(181, 229, 0)
(177, 222, 0)
(179, 219, 0)
(179, 219, 0)
(179, 218, 0)
(179, 218, 0)
(179, 218, 0)
(179, 218, 0)
(181, 218, 0)
(181, 218, 0)
(181, 218, 0)
(181, 218, 0)
(179, 217, 0)
(181, 214, 0)
(181, 214, 0)
(181, 214, 0)
(181, 212, 0)
(177, 205, 0)
(171, 217, 0)
(171, 213, 0)
(171, 213, 0)
(173, 213, 0)
(174, 212, 0)
(174, 209, 0)
(174, 209, 0)
(175, 209, 0)
(177, 209, 0)
(181, 209, 0)
(181, 213, 0)
(181, 213, 0)
(182, 216, 0)
(182, 216, 0)
(183, 216, 0)
(179, 214, 0)
(177, 213, 0)
(177, 210, 0)
(178, 212, 0)
(177, 212, 0)
(174, 213, 0)
(174, 214, 0)
(174, 214, 0)
(174, 214, 0)
(174, 213, 0)
(174, 212, 0)
(171, 212, 0)
(171, 212, 0)
(168, 212, 0)
(169, 212, 0)
(169, 212, 0)
(169, 212, 0)
(170, 212, 0)
(170, 210, 0)
(170, 210, 0)
(170, 210, 0)
(170, 210, 0)
(170, 210, 0)
(170, 210, 0)
(169, 208, 0)
(169, 208, 0)
(169, 208, 0)
(169, 208, 0)
(169, 208, 0)
(169, 208, 0)
(169, 207, 0)
(170, 205, 0)
(170, 207, 0)
(174, 207, 0)
(177, 207, 0)
(177, 207, 0)
(177, 207, 0)
(177, 207, 0)
(177, 207, 0)
(177, 207, 0)
(177, 207, 0)
(177, 208, 0)
(177, 208, 0)
(177, 208, 0)
(177, 208, 0)
(177, 208, 0)
(177, 208, 0)
(177, 208, 0)
(177, 208, 0)
(177, 208, 0)
(177, 208, 0)
(177, 208, 0)
(177, 208, 0)
(177, 208, 0)
(177, 208, 0)
(183, 200, 0)
(188, 197, 0)
(192, 192, 0)
(194, 181, 0)
(197, 174, 0)
(197, 170, 0)
(196, 165, 0)
(196, 162, 0)
(195, 157, 0)
(195, 153, 0)
(195, 153, 0)
(195, 153, 0)
(194, 152, 0)
(194, 148, 0)
(190, 132, 0)
(192, 132, 0)
(210, 123, 0)
(221, 121, 0)
(229, 122, 0)
(236, 118, 0)
(243, 116, 0)
(240, 116, 0)
(243, 116, 0)
(248, 114, 0)
(251, 114, 0)
(249, 112, 0)
(251, 113, 0)
(252, 116, 0)
(252, 114, 0)
(251, 112, 0)
(255, 113, 0)
(252, 113, 0)
(251, 113, 0)
(249, 112, 0)
(247, 112, 0)
(252, 114, 0)
(252, 114, 0)
(251, 110, 0)
(252, 112, 0)
(251, 116, 0)
(251, 114, 0)
(251, 114, 0)
(243, 113, 0)
(232, 116, 0)
(227, 116, 0)
(225, 116, 0)
(231, 113, 0)
(226, 123, 0)
(230, 123, 0)
(225, 121, 0)
(225, 121, 0)
(223, 121, 0)
(222, 121, 0)
(221, 121, 0)
(218, 121, 0)
(221, 118, 0)
(218, 118, 0)
(218, 118, 0)
(218, 118, 0)
(218, 118, 0)
(218, 118, 0)
(217, 118, 0)
(217, 118, 0)
(217, 118, 0)
(199, 125, 0)
(190, 126, 0)
(181, 129, 0)
(173, 132, 0)
(162, 138, 0)
(152, 138, 0)
(152, 138, 0)
(155, 134, 0)
(155, 134, 0)
(149, 132, 0)
(149, 132, 0)
(149, 132, 0)
(143, 136, 0)
(143, 139, 0)
(145, 134, 0)
(145, 134, 0)
(144, 134, 0)
(144, 134, 0)
(144, 134, 0)
(144, 134, 0)
(132, 134, 0)
(122, 139, 0)
(116, 142, 0)
(113, 143, 0)
(112, 147, 0)
(112, 147, 0)
(112, 147, 0)
(112, 147, 0)
(112, 147, 0)
(112, 147, 0)
(112, 147, 0)
(112, 147, 0)
(112, 147, 0)
(112, 147, 0)
(112, 147, 0)
(110, 147, 0)
(110, 147, 0)
(110, 147, 0)
(110, 147, 0)
(110, 147, 0)
(109, 147, 0)
(107, 148, 0)
(104, 152, 0)
(101, 153, 0)
(100, 155, 0)
(100, 155, 0)
(99, 157, 0)
(96, 160, 0)
(96, 160, 0)
(96, 160, 0)
(96, 160, 0)
(96, 160, 0)
(96, 160, 0)
(96, 160, 0)
(96, 160, 0)
(96, 160, 0)
(95, 161, 0)
(95, 161, 0)
(95, 161, 0)
(95, 161, 0)
(95, 161, 0)
(95, 161, 0)
(95, 161, 0)
(95, 161, 0)
(95, 161, 0)
(95, 161, 0)
(95, 161, 0)
(95, 161, 0)
(94, 164, 0)
(91, 164, 0)
(91, 164, 0)
(91, 164, 0)
(91, 164, 0)
(90, 165, 0)
(88, 169, 0)
(88, 170, 0)
(87, 173, 0)
(87, 173, 0)
(87, 174, 0)
(87, 174, 0)
(87, 174, 0)
(87, 174, 0)
(87, 174, 0)
(87, 174, 0)
(87, 174, 0)
(87, 174, 0)
(87, 174, 0)
(87, 174, 0)
(87, 174, 0)
(87, 174, 0)
(87, 174, 0)
(87, 174, 0)
(87, 174, 0)
(87, 174, 0)
(87, 174, 0)
(87, 174, 0)
(86, 174, 0)
(86, 174, 0)
(86, 174, 0)
(86, 174, 0)
(92, 191, 0)
(90, 199, 0)
(97, 203, 0)
(99, 208, 0)
(101, 212, 0)
(103, 214, 0)
(108, 232, 0)
(108, 232, 0)
(110, 234, 0)
(113, 235, 0)
(113, 235, 0)
(113, 235, 0)
(113, 239, 0)
(116, 242, 0)
(116, 242, 0)
(116, 242, 0)
(116, 242, 0)
(116, 243, 0)
(116, 245, 0)
(120, 255, 0)
(121, 257, 0)
(127, 274, 0)
(130, 274, 0)
(130, 274, 0)
(130, 274, 0)
(164, 273, 0)
(187, 268, 0)
(187, 264, 0)
(197, 248, 0)
(209, 247, 0)
(217, 240, 0)
(222, 232, 0)
(222, 225, 0)
(225, 221, 0)
(227, 213, 0)
(232, 209, 0)
(234, 205, 0)
(234, 203, 0)
(235, 199, 0)
(236, 195, 0)
(235, 194, 0)
(235, 194, 0)
(236, 187, 0)
(239, 183, 0)
(240, 181, 0)
(239, 183, 0)
(239, 188, 0)
(240, 186, 0)
(240, 186, 0)
(240, 186, 0)
(240, 186, 0)
(240, 186, 0)
(242, 184, 0)
(244, 184, 0)
(244, 184, 0)
(244, 184, 0)
(245, 184, 0)
(247, 184, 0)
(251, 182, 0)
(256, 175, 0)
(256, 175, 0)
(256, 175, 0)
(256, 175, 0)
(257, 174, 0)
(257, 174, 0)
(257, 174, 0)
(258, 174, 0)
(258, 174, 0)
(258, 174, 0)
(260, 174, 0)
(262, 171, 0)
(266, 168, 0)
(270, 160, 0)
(269, 156, 0)
(271, 156, 0)
(273, 155, 0)
(270, 152, 0)
(269, 152, 0)
(269, 152, 0)
(269, 152, 0)
(269, 152, 0)
(269, 153, 0)
(269, 153, 0)
(269, 152, 0)
(269, 152, 0)
(269, 152, 0)
(269, 152, 0)
(269, 152, 0)
(269, 152, 0)
(269, 156, 0)
(269, 156, 0)
(269, 156, 0)
(269, 156, 0)
(269, 156, 0)
(269, 156, 0)
(269, 156, 0)
(270, 156, 0)
(270, 152, 0)
(268, 139, 0)
(268, 134, 0)
(264, 129, 0)
(265, 132, 0)
(265, 132, 0)
(265, 130, 0)
(265, 129, 0)
(270, 129, 0)
(271, 129, 0)
(273, 129, 0)
(273, 129, 0)
(275, 129, 0)
(274, 126, 0)
(275, 126, 0)
(278, 125, 0)
(279, 126, 0)
(279, 123, 0)
(282, 123, 0)
(278, 122, 0)
(262, 117, 0)
(244, 113, 0)
(232, 112, 0)
(227, 110, 0)
(230, 114, 0)
(226, 114, 0)
(226, 110, 0)
(229, 110, 0)
(227, 114, 0)
(230, 116, 0)
(227, 117, 0)
(226, 114, 0)
(226, 113, 0)
(226, 110, 0)
(226, 110, 0)
(226, 110, 0)
(226, 110, 0)
(227, 110, 0)
(227, 110, 0)
(231, 105, 0)
(231, 105, 0)
(230, 109, 0)
(234, 108, 0)
(235, 108, 0)
(238, 105, 0)
(240, 104, 0)
(239, 104, 0)
(244, 114, 0)
(248, 125, 0)
(255, 127, 0)
(252, 138, 0)
(257, 140, 0)
(256, 143, 0)
(260, 144, 0)
(260, 155, 0)
(255, 158, 0)
(253, 164, 0)
(253, 164, 0)
(252, 161, 0)
(252, 161, 0)
(252, 161, 0)
(249, 160, 0)
(249, 160, 0)
(249, 160, 0)
(249, 160, 0)
(249, 160, 1)
(249, 160, 1)
(249, 160, 1)
(249, 160, 1)
(249, 160, 1)
(249, 160, 1)
(249, 160, 1)
(249, 160, 1)
(249, 160, 1)
(249, 160, 1)
(249, 160, 1)
(249, 160, 1)
(249, 160, 1)
(249, 160, 1)
(249, 160, 1)
(249, 160, 1)
(249, 160, 1)
(249, 160, 1)
(249, 160, 1)
(249, 160, 1)
(249, 160, 1)
(249, 160, 1)
(249, 160, 1)
(249, 160, 1)
(249, 160, 1)
(265, 140, 0)
(273, 129, 0)
(269, 132, 0)
(264, 135, 0)
(262, 135, 0)
(262, 135, 0)
(261, 134, 0)
(260, 132, 0)
(256, 132, 0)
(260, 132, 0)
(260, 132, 0)
(258, 134, 0)
(260, 136, 0)
(260, 136, 0)
(261, 136, 0)
(262, 138, 0)
(262, 138, 0)
(264, 138, 0)
(264, 138, 0)
(264, 138, 0)
(264, 142, 0)
(258, 138, 0)
(257, 132, 0)
(240, 112, 0)
(238, 103, 0)
(232, 100, 0)
(232, 100, 0)
(232, 100, 0)
(232, 100, 0)
(231, 94, 0)
(231, 94, 0)
(227, 107, 1)
(227, 112, 1)
(227, 112, 1)
(227, 112, 1)
(227, 112, 1)
(227, 112, 1)
(227, 112, 1)
(227, 112, 1)
(227, 112, 1)
(227, 112, 1)
(171, 110, 0)
(161, 109, 0)
(168, 109, 0)
(162, 112, 0)
(162, 107, 0)
(161, 107, 0)
(160, 107, 0)
(158, 107, 0)
(157, 107, 0)
(157, 105, 0)
(157, 103, 0)
(157, 101, 0)
(153, 99, 0)
(153, 99, 0)
(153, 99, 0)
(155, 97, 0)
(158, 103, 1)
(158, 103, 1)
(158, 103, 1)
(158, 103, 1)
(158, 103, 1)
(158, 103, 1)
(158, 103, 1)
(158, 103, 1)
(158, 103, 1)
(158, 103, 1)
(158, 103, 1)
(121, 116, 0)
(112, 119, 0)
(112, 119, 0)
(112, 119, 0)
(112, 122, 0)
(112, 122, 0)
(112, 122, 0)
(112, 122, 0)
(113, 122, 0)
(114, 122, 0)
(114, 122, 0)
(114, 122, 0)
(114, 122, 0)
(114, 122, 0)
(114, 122, 0)
(114, 122, 0)
(114, 122, 0)
(114, 122, 0)
(114, 122, 0)
(114, 122, 0)
(114, 122, 0)
(113, 123, 0)
(113, 123, 0)
(113, 123, 0)
(114, 123, 0)
(114, 123, 0)
(112, 126, 0)
(112, 129, 0)
(112, 129, 0)
(113, 129, 0)
(114, 130, 0)
(114, 130, 0)
(114, 131, 0)
(114, 131, 0)
(114, 131, 0)
(114, 131, 0)
(114, 131, 0)
(114, 131, 0)
(114, 131, 0)
(114, 131, 0)
(114, 131, 0)
(116, 131, 0)
(116, 131, 0)
(116, 131, 0)
(116, 131, 0)
(116, 131, 0)
(116, 131, 0)
(116, 131, 0)
(117, 131, 0)
(118, 131, 0)
(122, 130, 0)
(122, 130, 0)
(122, 130, 0)
(122, 130, 0)
(122, 130, 0)
(122, 130, 1)
(122, 130, 1)
(122, 130, 1)
(122, 130, 1)
(122, 130, 1)
(122, 130, 1)
(122, 130, 1)
(122, 130, 1)
(122, 130, 1)
(240, 131, 0)
(249, 132, 0)
(252, 130, 0)
(252, 130, 0)
(257, 129, 0)
(257, 129, 0)
(261, 126, 0)
(261, 127, 0)
(261, 127, 0)
(261, 129, 0)
(261, 129, 0)
(262, 129, 0)
(262, 129, 0)
(264, 129, 0)
(264, 129, 0)
(265, 127, 0)
(266, 127, 0)
(266, 127, 0)
(266, 127, 0)
(268, 127, 0)
(284, 125, 0)
(292, 126, 0)
(284, 127, 0)
(284, 127, 0)
(284, 127, 0)
(286, 127, 0)
(288, 132, 0)
(287, 134, 0)
(286, 134, 0)
(286, 134, 0)
(286, 134, 0)
(286, 135, 0)
(286, 138, 0)
(286, 140, 0)
(284, 142, 0)
(279, 142, 0)
(281, 136, 0)
(284, 136, 0)
(287, 135, 0)
(290, 136, 0)
(287, 135, 0)
(288, 134, 0)
(288, 134, 0)
(288, 134, 0)
(288, 134, 0)
(288, 134, 0)
(288, 134, 0)
(288, 134, 0)
(288, 134, 0)
(288, 134, 0)
(288, 134, 0)
(288, 134, 0)
(288, 134, 0)
(288, 134, 0)
(288, 134, 0)
(288, 134, 0)
(288, 134, 0)
(288, 134, 0)
(288, 134, 0)
(288, 134, 0)
(288, 134, 1)
(288, 134, 1)
(288, 134, 1)
(288, 134, 1)
(288, 134, 1)
(288, 134, 1)
(288, 134, 1)
(288, 134, 1)
(288, 134, 1)
(288, 134, 1)
(288, 134, 1)
(288, 134, 0)
(288, 134, 0)
(288, 134, 0)
(288, 134, 0)
(288, 134, 0)
(288, 134, 0)
(288, 134, 0)
(288, 134, 0)
(288, 134, 0)
(288, 134, 0)
(288, 134, 0)
(288, 134, 0)
(288, 134, 0)
(288, 134, 0)
(288, 134, 0)
(288, 134, 0)
(288, 134, 0)
(288, 134, 0)
(288, 134, 0)
(288, 134, 0)
(288, 134, 0)
(288, 134, 0)
(288, 134, 0)
(288, 134, 0)
(288, 134, 0)
(288, 134, 0)
(288, 134, 0)
(288, 134, 0)
(288, 134, 0)
(288, 134, 0)
(287, 118, 0)
(279, 113, 0)
(275, 101, 0)
(275, 97, 0)
(281, 97, 0)
(282, 96, 0)
(282, 96, 0)
(282, 92, 0)
(282, 91, 0)
(282, 91, 0)
(282, 91, 0)
(282, 91, 0)
(282, 91, 0)
(282, 91, 0)
(282, 91, 0)
(282, 91, 0)
(282, 91, 0)
(282, 91, 0)
(283, 91, 0)
(283, 92, 0)
(282, 94, 0)
(281, 94, 0)
(281, 94, 0)
(281, 92, 0)
(283, 87, 0)
(290, 82, 0)
(291, 81, 0)
(294, 81, 0)
(295, 78, 0)
(295, 78, 0)
(291, 78, 0)
(291, 81, 0)
(291, 81, 1)
(291, 81, 1)
(291, 81, 1)
(291, 81, 1)
(291, 81, 1)
(291, 81, 1)
(291, 81, 1)
(291, 81, 1)
(291, 81, 1)
(297, 78, 0)
(297, 78, 0)
(297, 78, 0)
(299, 78, 0)
(299, 82, 0)
(299, 82, 0)
(299, 82, 0)
(299, 82, 0)
(299, 82, 0)
(295, 83, 0)
(295, 83, 0)
(295, 83, 0)
(295, 83, 0)
(292, 83, 0)
(292, 83, 0)
(291, 83, 0)
(291, 83, 0)
(291, 83, 0)
(269, 82, 0)
(262, 82, 0)
(239, 79, 0)
(239, 79, 0)
(236, 79, 0)
(235, 79, 0)
(235, 79, 0)
(235, 79, 0)
(234, 79, 0)
(234, 79, 0)
(234, 79, 0)
(234, 79, 0)
(234, 79, 0)
(235, 79, 0)
(236, 79, 0)
(238, 79, 0)
(238, 79, 0)
(235, 79, 0)
(235, 79, 0)
(235, 79, 0)
(238, 87, 0)
(238, 82, 0)
(238, 82, 0)
(236, 79, 0)
(235, 79, 0)
(236, 77, 0)
(235, 77, 0)
(235, 75, 0)
(234, 75, 0)
(227, 78, 0)
(217, 91, 0)
(200, 96, 0)
(194, 100, 0)
(194, 101, 0)
(191, 101, 0)
(191, 96, 0)
(190, 96, 0)
(190, 96, 0)
(190, 96, 0)
(190, 97, 0)
(188, 97, 0)
(195, 99, 0)
(197, 94, 0)
(194, 96, 0)
(192, 96, 0)
(192, 96, 0)
(194, 97, 0)
(194, 97, 0)
(183, 117, 0)
(186, 129, 0)
(181, 129, 0)
(181, 127, 0)
(182, 134, 0)
(181, 142, 0)
(178, 143, 0)
(178, 143, 0)
(177, 148, 0)
(177, 148, 0)
(177, 148, 0)
(177, 148, 0)
(177, 148, 0)
(177, 148, 0)
(177, 148, 0)
(177, 148, 0)
(177, 148, 0)
(177, 148, 0)
(177, 148, 0)
(177, 148, 0)
(177, 148, 0)
(177, 148, 0)
(174, 148, 0)
(173, 147, 0)
(171, 145, 0)
(171, 145, 0)
(171, 148, 0)
(171, 149, 0)
(171, 149, 0)
(171, 149, 0)
(171, 149, 0)
(171, 149, 0)
(179, 145, 0)
(181, 145, 0)
(187, 145, 0)
(187, 144, 0)
(184, 143, 0)
(184, 143, 0)
(184, 143, 0)
(184, 143, 0)
(184, 143, 0)
(184, 143, 0)
(184, 143, 0)
(186, 143, 0)
(186, 147, 0)
(186, 148, 0)
(186, 149, 1)
(186, 149, 1)
(186, 149, 1)
(186, 149, 1)
(186, 149, 1)
(186, 149, 1)
(186, 149, 1)
(186, 149, 1)
(186, 149, 1)
(186, 149, 1)
(186, 149, 0)
(178, 148, 0)
(178, 148, 0)
(178, 148, 0)
(178, 148, 0)
(178, 147, 0)
(178, 147, 0)
(178, 147, 0)
(178, 147, 0)
(178, 147, 0)
(178, 147, 0)
(178, 147, 0)
(178, 147, 0)
(178, 147, 0)
(178, 147, 0)
(178, 145, 0)
(181, 145, 0)
(181, 145, 0)
(181, 145, 0)
(181, 145, 0)
(181, 145, 0)
(181, 145, 0)
(181, 145, 0)
(181, 144, 0)
(181, 144, 0)
(181, 144, 0)
(181, 144, 0)
(181, 144, 0)
(181, 140, 0)
(181, 140, 0)
(179, 140, 0)
(179, 140, 0)
(179, 140, 0)
(179, 140, 0)
(179, 140, 0)
(179, 140, 0)
(173, 143, 0)
(164, 136, 0)
(162, 135, 0)
(164, 130, 0)
(164, 130, 0)
(164, 130, 0)
(161, 130, 0)
(161, 132, 0)
(161, 132, 0)
(160, 131, 0)
(160, 131, 0)
(148, 130, 0)
(143, 129, 0)
(140, 127, 0)
(138, 125, 0)
(131, 123, 0)
(126, 121, 0)
(123, 117, 0)
(121, 114, 0)
(118, 114, 0)
(116, 116, 0)
(114, 116, 0)
(114, 116, 0)
(114, 116, 0)
(113, 116, 0)
(113, 116, 0)
(109, 117, 0)
(101, 118, 0)
(101, 118, 0)
(103, 118, 0)
